b1
-1.4781394343, -3.6212414225, -3.7825985403, -0.3343986713, 0.8618361437, 0.4428392632, 1.5673053388, 0.5429726287, -0.4778460616, -0.0554578250, -1.4055436683, 0.0633485991, 1.4488536894, 0.5982854683, -1.8014381040, 
b2
2.7010496346, -3.8860895346, 
w1
1.1433230800, 1.1430031484, -0.0033929243, -2.4812025517, -2.4984604481, -0.0407840951, 1.6139189890, 1.6272109307, 1.6270459664, 0.5162772179, 0.5153403623, -0.0013208166, -0.8723910618, -0.8716254788, -0.0010012709, 0.7306133137, 0.7316628225, 0.7338570946, 1.4960917044, 1.4889884515, 1.4997579312, 1.2591029961, 1.2625268476, 1.2602219669, 0.8412646708, 0.0035353823, 0.0014505447, 1.4258569928, 0.0015523804, 0.0010599997, 1.6855820145, 1.6882760364, 1.6440614646, -0.1278721840, -0.0213798196, -0.0217931090, 1.4084715268, 1.4112258433, 0.0038519406, 1.1795753901, 1.1780683712, -0.0006897857, -1.4748832616, 0.0080867547, 0.0091402518, 
w2
2.1039847404, 0.1565554147, -0.3044550441, 33.7263189357, 23.1190911127, -3.0981389539, 1.0584018443, 0.9428530679, 1.2063851865, -2.2067761434, 0.5483227934, -10.0506268376, -3.6556760526, -3.6810632119, -0.4640433686, 7.9122653510, 0.5110375622, 1.0264029099, -2.4331139359, 8.5850113597, 7.2899810314, -0.7409111321, -2.7679718849, 10.7243067508, 0.1985431817, 0.1761647954, 76.4412332154, -1.3631809478, 4.2836649797, -4.0730222504, 
p11
0.0007671504, 0.0016702875, 0.0005541401, 
p12
0.3184069810, 0.3184265299, 0.3184471470, 
p13
1.0000000000, 1.0000000000, 1.0000000000, 
p21
1.0000000000, 1.0000000000, 
p22
1.6423665658, 1.6405507024, 
p23
-1.6410697139, -0.9474754551, 