b1
0.7403716986, 0.2675051459, 0.1689574377, -0.3877224730, -0.0710442688, 
b2
-44.3198003842, -15.7437334169, 
w1
0.2548070007, 0.0665590442, -0.0052727746, -1.2210334769, -0.7876262146, 0.0486324545, -1.4172679728, -1.0510653626, 0.0649204552, -0.6554817650, -0.2257347693, 0.0165208090, 1.4533611516, 1.1051009985, -0.0684533630, 
w2
83.1963201115, 10.4908511398, -6.1908705879, 25.6249037084, 4.1957039188, 34.3268693680, -22.6677129640, 58.6430833798, 17.5495608117, 41.3363095724, 
p11
0.0007548951, 0.0009449492, 0.0022032433, 
p12
0.3183566141, 0.3184640294, 0.3184422150, 
p13
1.0000000000, 1.0000000000, 1.0000000000, 
p21
1.0000000000, 1.0000000000, 
p22
1.6397270889, 1.6398388842, 
p23
-1.6370069490, -0.9351096283, 