b1
-0.7285616478, -0.4776412782, 0.0078238274, -0.2739923123, 0.2139686444, -0.4025826395, 0.6304426867, 0.0208743223, 0.0110364779, 0.2009311542, 
b2
0.3387140820, 1.2068998922, 
w1
0.8284475836, 0.8295353177, -0.2097955281, 0.7816870872, 0.7832661544, -0.2162917110, 0.7666049207, 0.7684288953, -0.2449322325, 0.9602174059, 0.9634297041, -0.3177176556, -1.5343416561, -0.0174058429, 0.0028750603, -1.0349447623, -1.0348365127, 0.2643625250, 0.8171841807, 0.8192337711, -0.2133877112, -1.4492037490, -0.0185966071, 0.0019397607, -0.1772051413, -0.1100833252, -0.0478233420, 0.9587092689, 0.9604753475, -0.3173669827, 
w2
-56.8743674970, -7.7758156647, 361.2564068383, -98.1189832199, -0.2233634310, -7.2685165495, -80.9884091262, 2.4566572893, -29.7122556539, -128.4755843703, 118.3019352427, -222.2998021868, 154.6052453960, 29.0497276672, -4.9761802600, -40.1791295922, -28.6377279470, 5.0780964624, 0.0755039992, -91.6378773003, 
p11
0.0047086522, 0.0017085846, 0.0013647378, 
p12
0.3185640632, 0.3183998456, 0.3184016612, 
p13
1.0000000000, 1.0000000000, 1.0000000000, 
p21
1.0000000000, 1.0000000000, 
p22
1.6296056635, 1.6406225379, 
p23
-1.6270690836, -0.9436667599, 